3.20000e+00    -1.11011e+00
3.60000e+00    -2.04263e+00
4.00000e+00    1.25255e-01
4.40000e+00    3.92053e-01
4.80000e+00    -2.97905e-01
5.20000e+00    -2.92462e-01
5.60000e+00    -2.66809e-01
6.00000e+00    -1.02206e+00
6.40000e+00    -1.24848e+00
6.80000e+00    -3.94250e-01
7.20000e+00    4.54453e-01
7.60000e+00    4.17841e+00
8.00000e+00    1.30484e+01
8.40000e+00    5.49170e+01
8.80000e+00    1.98952e+02
9.20000e+00    9.12820e+01
9.60000e+00    1.49525e+02
1.00000e+01    4.12595e+01
1.04000e+01    2.67548e-01
1.08000e+01    -8.55840e-01
1.12000e+01    -1.00577e+00
1.16000e+01    -2.09403e+00
1.20000e+01    2.54496e+00
1.24000e+01    1.07879e+01
1.28000e+01    1.03069e+01
1.32000e+01    9.69093e+00
1.36000e+01    2.43299e+01
1.40000e+01    7.36360e+01
1.44000e+01    3.31717e+01
1.48000e+01    1.63488e+01
1.52000e+01    2.03104e+01
1.56000e+01    3.72118e+01
1.60000e+01    2.19216e+01
1.64000e+01    1.31590e+01
1.68000e+01    8.40627e+00
1.72000e+01    1.30042e+01
1.76000e+01    2.30732e+01
1.80000e+01    3.15896e+01
1.84000e+01    1.64035e+01
1.88000e+01    1.13324e+01
1.92000e+01    1.40637e+01
1.96000e+01    2.26694e+01
2.00000e+01    2.35267e+01
2.04000e+01    3.68948e+01
2.08000e+01    4.47290e+01
2.12000e+01    3.65123e+01
2.16000e+01    2.32930e+01
2.20000e+01    2.62477e+01
2.24000e+01    4.33705e+01
2.28000e+01    3.20905e+01
2.32000e+01    2.98155e+01
2.36000e+01    2.63558e+01
2.40000e+01    3.27972e+01
2.44000e+01    3.40191e+01
2.48000e+01    3.32273e+01
2.52000e+01    3.53971e+01
2.56000e+01    4.18672e+01
2.60000e+01    4.24913e+01
2.64000e+01    3.90682e+01
2.68000e+01    3.36398e+01
2.72000e+01    3.04569e+01
2.76000e+01    2.82732e+01
2.80000e+01    2.58245e+01
2.84000e+01    2.35786e+01
2.88000e+01    2.13647e+01
2.92000e+01    2.37909e+01
2.96000e+01    2.44148e+01
3.00000e+01    2.29082e+01
3.04000e+01    2.08025e+01
3.08000e+01    2.18035e+01
3.12000e+01    2.42538e+01
3.16000e+01    2.29226e+01
3.20000e+01    2.30065e+01
3.24000e+01    1.49259e+01
3.28000e+01    3.22001e+00
3.32000e+01    2.53582e-01
3.36000e+01    -7.25371e-02
3.40000e+01    -2.53702e-02
3.44000e+01    -4.00338e-04
3.48000e+01    0.00000e+00
3.52000e+01    0.00000e+00
