3.20000e+00    -7.19000e-01
3.60000e+00    -3.10600e+00
4.00000e+00    8.38000e-01
4.40000e+00    5.21000e-01
4.80000e+00    -5.06000e-01
5.20000e+00    -3.04000e-01
5.60000e+00    -3.20000e-02
6.00000e+00    -1.14800e+00
6.40000e+00    -1.53000e+00
6.80000e+00    -2.61000e-01
7.20000e+00    1.81000e-01
7.60000e+00    2.04400e+00
8.00000e+00    1.67940e+01
8.40000e+00    4.85400e+00
8.80000e+00    2.95344e+02
9.20000e+00    8.97900e+00
9.60000e+00    2.19921e+02
1.00000e+01    7.84500e+00
1.04000e+01    -2.24700e+00
1.08000e+01    -6.19000e-01
1.12000e+01    -5.10000e-01
1.16000e+01    -3.39700e+00
1.20000e+01    1.28300e+00
1.24000e+01    1.34840e+01
1.28000e+01    9.71800e+00
1.32000e+01    9.66300e+00
1.36000e+01    8.25900e+00
1.40000e+01    1.03738e+02
1.44000e+01    2.01880e+01
1.48000e+01    1.53480e+01
1.52000e+01    1.46790e+01
1.56000e+01    4.79010e+01
1.60000e+01    1.75800e+01
1.64000e+01    1.37130e+01
1.68000e+01    5.98900e+00
1.72000e+01    1.24430e+01
1.76000e+01    2.18560e+01
1.80000e+01    3.90190e+01
1.84000e+01    1.21470e+01
1.88000e+01    1.08450e+01
1.92000e+01    1.18120e+01
1.96000e+01    2.62650e+01
2.00000e+01    1.90440e+01
2.04000e+01    3.85650e+01
2.08000e+01    4.81990e+01
2.12000e+01    3.77580e+01
2.16000e+01    2.00380e+01
2.20000e+01    2.10320e+01
2.24000e+01    5.31860e+01
2.28000e+01    2.68800e+01
2.32000e+01    3.22080e+01
2.36000e+01    2.27140e+01
2.40000e+01    3.49800e+01
2.44000e+01    3.41360e+01
2.48000e+01    3.27650e+01
2.52000e+01    3.39850e+01
2.56000e+01    4.35940e+01
2.60000e+01    4.30000e+01
2.64000e+01    3.96280e+01
2.68000e+01    3.29570e+01
2.72000e+01    3.03260e+01
2.76000e+01    2.84140e+01
2.80000e+01    2.56500e+01
2.84000e+01    2.39570e+01
2.88000e+01    1.99000e+01
2.92000e+01    2.45280e+01
2.96000e+01    2.47330e+01
3.00000e+01    2.31630e+01
3.04000e+01    2.00620e+01
3.08000e+01    2.12760e+01
3.12000e+01    2.56410e+01
3.16000e+01    2.17190e+01
3.20000e+01    2.51650e+01
3.24000e+01    1.59420e+01
3.28000e+01    7.35000e-01
3.32000e+01    1.76000e-01
3.36000e+01    -1.56000e-01
3.40000e+01    -3.48447e-11
3.44000e+01    0.00000e+00
3.48000e+01    0.00000e+00
3.52000e+01    0.00000e+00
